378.5751647949219
379.09320068359375
384.7615661621094
379.2724914550781
381.4541931152344
379.9499206542969
375.2279357910156
381.982177734375
380.9759826660156
379.37213134765625
382.30096435546875
377.9375915527344
386.6044921875
386.3853454589844
389.0950012207031
394.0162353515625
395.45074462890625
396.9848937988281
396.2576599121094
390.0015563964844
387.16241455078125
394.3748779296875
399.1068115234375
398.6784362792969
398.827880859375
403.2111511230469
404.1376037597656
399.06695556640625
404.9345703125
409.2381286621094
415.1954040527344
410.7822570800781
408.2718200683594
413.6114501953125
409.0887145996094
405.542236328125
406.4886474609375
411.2604064941406
411.0711669921875
412.40606689453125
406.72772216796875
405.71160888671875
397.5726623535156
397.0247497558594
399.1366882324219
394.8729553222656
396.21783447265625
394.75341796875
393.23919677734375
396.2975158691406
402.65325927734375
402.9322204589844
396.7557678222656
397.4033203125
390.0712890625
384.4427795410156
383.89483642578125
390.24066162109375
387.7999572753906
394.6039733886719
389.989990234375
393.739990234375
398.9100036621094
392.1099853515625
393.1700134277344
395.75
